skill_id,description,src_path
ads-competitor,"Competitor ad intelligence analysis across Google, Meta, LinkedIn, TikTok, Microsoft, and Apple Ads. Analyzes competitor ad copy, creative strategy, keyword targeting, estimated spend, and identifies competitive gaps and opportunities. Use when user says competitor ads, ad spy, competitive analysis, competitor PPC, or ad intelligence.",lib/claude-ads.git/skills/ads-competitor/SKILL.md
ads-create,"Campaign concept and copy brief generator for paid advertising. Reads brand-profile.json and optional audit results to produce structured campaign concepts, messaging pillars, and copy briefs. Outputs campaign-brief.md to the current directory. Run after /ads dna and before /ads generate. Triggers on: create campaign, campaign brief, ad concepts, write ad copy, campaign strategy, ad messaging, creative brief, generate concepts.",lib/claude-ads.git/skills/ads-create/SKILL.md
ads-google,"Google Ads deep analysis covering Search, Performance Max, Display, YouTube, and Demand Gen campaigns. Evaluates 80 checks across conversion tracking, wasted spend, account structure, keywords, ads, and settings. Use when user says Google Ads, Google PPC, search ads, PMax, Performance Max, or Google campaign.",lib/claude-ads.git/skills/ads-google/SKILL.md
aeo-optimization,"AI Engine Optimization - semantic triples, page templates, content clusters for AI citations",lib/alinaqi-claude-bootstrap/skills/aeo-optimization/SKILL.md
ai-seo,"When the user wants to optimize content for AI search engines, get cited by LLMs, or appear in AI-generated answers. Also use when the user mentions 'AI SEO,' 'AEO,' 'GEO,' 'LLMO,' 'answer engine optimization,' 'generative engine optimization,' 'LLM optimization,' 'AI Overviews,' 'optimize for ChatGPT,' 'optimize for Perplexity,' 'AI citations,' 'AI visibility,' 'zero-click search,' 'how do I show up in AI answers,' 'LLM mentions,' or 'optimize for Claude/Gemini.' Use this whenever someone wants their content to be cited or surfaced by AI assistants and AI search engines. For traditional technical and on-page SEO audits, see seo-audit. For structured data implementation, see schema-markup.",lib/coreyhaines31-marketingskills/skills/ai-seo/SKILL.md
brand-copywriter,"Writes marketing copy using proven copywriting frameworks. Use when user needs copy for ads (Facebook, Instagram, TikTok, YouTube), landing pages, sales pages, email sequences, LinkedIn posts, product descriptions, or any marketing content.",lib/ognjengt-founder-skills/skills/brand-copywriter/SKILL.md
brevo-automation,Automate Brevo (formerly Sendinblue) email marketing operations through Composio's Brevo toolkit via Rube MCP.,lib/sickn33-antigravity-awesome-skills/plugins/antigravity-awesome-skills-claude/skills/brevo-automation/SKILL.md
clarvia-aeo-check,"Score any MCP server, API, or CLI for agent-readiness using Clarvia AEO (Agent Experience Optimization). Search 15,400+ indexed tools before adding them to your workflow.",lib/sickn33-antigravity-awesome-skills/plugins/antigravity-awesome-skills-claude/skills/clarvia-aeo-check/SKILL.md
competitor-alternatives,"When the user wants to create competitor comparison or alternative pages for SEO and sales enablement. Also use when the user mentions 'alternative page,' 'vs page,' 'competitor comparison,' 'comparison page,' '[Product] vs [Product],' '[Product] alternative,' 'competitive landing pages,' 'how do we compare to X,' 'battle card,' or 'competitor teardown.' Use this for any content that positions your product against competitors. Covers four formats: singular alternative, plural alternatives, you vs competitor, and competitor vs competitor. For sales-specific competitor docs, see sales-enablement.",lib/coreyhaines31-marketingskills/skills/competitor-alternatives/SKILL.md
compress-images,"Compress images for web/SEO performance using cwebp. Use when optimizing images for faster page loads, reducing file sizes, or converting JPG/PNG to WebP format.",lib/rameerez-claude-code-startup-skills/skills/compress-images/SKILL.md
content-creator,"Professional-grade brand voice analysis, SEO optimization, and platform-specific content frameworks.",lib/sickn33-antigravity-awesome-skills/plugins/antigravity-awesome-skills-claude/skills/content-creator/SKILL.md
content-marketer,"Elite content marketing strategist specializing in AI-powered content creation, omnichannel distribution, SEO optimization, and data-driven performance marketing.",lib/sickn33-antigravity-awesome-skills/plugins/antigravity-awesome-skills-claude/skills/content-marketer/SKILL.md
content-strategy,"When the user wants to plan a content strategy, decide what content to create, or figure out what topics to cover. Also use when the user mentions ""content strategy,"" ""what should I write about,"" ""content ideas,"" ""blog strategy,"" ""topic clusters,"" ""content planning,"" ""editorial calendar,"" ""content marketing,"" ""content roadmap,"" ""what content should I create,"" ""blog topics,"" ""content pillars,"" or ""I don't know what to write."" Use this whenever someone needs help deciding what content to produce, not just writing it. For writing individual pieces, see copywriting. For SEO-specific audits, see seo-audit. For social media content specifically, see social-content.",lib/coreyhaines31-marketingskills/skills/content-strategy/SKILL.md
copy-editing,"When the user wants to edit, review, or improve existing marketing copy, or refresh outdated content. Also use when the user mentions 'edit this copy,' 'review my copy,' 'copy feedback,' 'proofread,' 'polish this,' 'make this better,' 'copy sweep,' 'tighten this up,' 'this reads awkwardly,' 'clean up this text,' 'too wordy,' 'sharpen the messaging,' 'refresh this content,' 'update this page,' 'this content is outdated,' or 'content audit.' Use this when the user already has copy and wants it improved or refreshed rather than rewritten from scratch. For writing new copy, see copywriting.",lib/coreyhaines31-marketingskills/skills/copy-editing/SKILL.md
download-video,"Download videos from social media URLs (X/Twitter, YouTube, Instagram, TikTok, etc.) using yt-dlp. Use when saving a video locally, extracting content for transcription, or archiving video references.",lib/rameerez-claude-code-startup-skills/skills/download-video/SKILL.md
geo,"GEO-first SEO analysis tool. Optimizes websites for AI-powered search engines (ChatGPT, Claude, Perplexity, Gemini, Google AI Overviews) while maintaining traditional SEO foundations. Performs full GEO audits, citability scoring, AI crawler analysis, llms.txt generation, brand mention scanning, platform-specific optimization, schema markup, technical SEO, content quality (E-E-A-T), and client-ready GEO report generation. Use when user says ""geo"", ""seo"", ""audit"", ""AI search"", ""AI visibility"", ""optimize"", ""citability"", ""llms.txt"", ""schema"", ""brand mentions"", ""GEO report"", or any URL for analysis.",lib/geo-seo-claude/geo/SKILL.md
geo-audit,"Full website GEO+SEO audit with parallel subagent delegation. Orchestrates a comprehensive Generative Engine Optimization audit across AI citability, platform analysis, technical infrastructure, content quality, and schema markup. Produces a composite GEO Score (0-100) with prioritized action plan.",lib/geo-seo-claude/skills/geo-audit/SKILL.md
geo-brand-mentions,Brand mention and authority scanner for AI visibility. Analyzes brand presence across platforms that AI models rely on for entity recognition and citation decisions. Produces a Brand Authority Score (0-100) with platform-specific recommendations.,lib/geo-seo-claude/skills/geo-brand-mentions/SKILL.md
geo-citability,"AI citability scoring and optimization. Analyzes web page content to determine how likely AI systems (ChatGPT, Claude, Perplexity, Gemini) are to cite or quote passages from the page. Provides a citability score (0-100) with specific rewrite suggestions.",lib/geo-seo-claude/skills/geo-citability/SKILL.md
geo-compare,"Monthly delta tracking and progress reporting for GEO clients. Compares two GEO audits (baseline vs. current), calculates score improvements across all categories, tracks action item completion, and generates a ""here's your progress"" client report. Use when user says ""compare"", ""delta"", ""monthly report"", ""progress"", ""confronta"", ""progressi"", ""report mensile"", or when running a monthly client check-in.",lib/geo-seo-claude/skills/geo-compare/SKILL.md
geo-crawlers,"AI crawler access analysis. Checks robots.txt, meta tags, and HTTP headers to determine which AI crawlers can access the site. Provides a complete access map and recommendations for maximizing AI visibility while maintaining appropriate control.",lib/geo-seo-claude/skills/geo-crawlers/SKILL.md
geo-llmstxt,Analyzes and generates llms.txt files -- the emerging standard for helping AI systems understand website structure and content. Can validate existing llms.txt files or generate new ones from scratch by crawling the site.,lib/geo-seo-claude/skills/geo-llmstxt/SKILL.md
geo-proposal,"Auto-generate a professional, client-ready GEO service proposal from audit data. Creates a full proposal in markdown and PDF including executive summary, findings, recommended service packages (Basic/Standard/Premium), pricing, timeline, and terms. Use when user says ""proposal"", ""proposta"", ""offerta"", ""preventivo"", ""generate proposal"", or after completing a GEO audit for a prospect.",lib/geo-seo-claude/skills/geo-proposal/SKILL.md
geo-report,"Generate a professional, client-facing GEO report combining all audit results into a single deliverable with scores, findings, and prioritized actions",lib/geo-seo-claude/skills/geo-report/SKILL.md
geo-report-pdf,"Generate a professional PDF report from GEO audit data using ReportLab. Creates a polished, client-ready PDF with score gauges, bar charts, platform readiness visualizations, color-coded tables, and prioritized action plans.",lib/geo-seo-claude/skills/geo-report-pdf/SKILL.md
keyword-extractor,Extracts up to 50 highly relevant SEO keywords from text. Use when user wants to generate or extract keywords for given text.,lib/sickn33-antigravity-awesome-skills/plugins/antigravity-awesome-skills-claude/skills/keyword-extractor/SKILL.md
keyword-research,"When the user wants to discover, evaluate, or prioritize App Store keywords. Also use when the user mentions ""keyword research"", ""find keywords"", ""search volume"", ""keyword difficulty"", ""keyword ideas"", or ""what keywords should I target"". For implementing keywords into metadata, see metadata-optimization. For auditing current keyword performance, see aso-audit.",lib/eronred-aso-skills/skills/keyword-research/SKILL.md
lead-magnet-generator,Creates viral lead magnet posts that drive comments and DMs. Produces 2 versions - a quick punchy format and a detailed format with bullet points. Use when user needs social media posts to give away a lead magnet in exchange for engagement.,lib/ognjengt-founder-skills/skills/lead-magnet-generator/SKILL.md
localization,"When the user wants to localize their App Store listing for international markets. Also use when the user mentions ""localization"", ""translate my app"", ""international markets"", ""expand to new countries"", ""localize metadata"", or ""which countries should I target"". For keyword research in specific markets, see keyword-research. For metadata writing, see metadata-optimization.",lib/eronred-aso-skills/skills/localization/SKILL.md
mailchimp-automation,"Automate Mailchimp email marketing including campaigns, audiences, subscribers, segments, and analytics via Rube MCP (Composio). Always search tools first for current schemas.",lib/sickn33-antigravity-awesome-skills/plugins/antigravity-awesome-skills-claude/skills/mailchimp-automation/SKILL.md
n8n-code-python,"Write Python code in n8n Code nodes. Use when writing Python in n8n, using _input/_json/_node syntax, working with standard library, or need to understand Python limitations in n8n Code nodes.",lib/sickn33-antigravity-awesome-skills/plugins/antigravity-awesome-skills-claude/skills/n8n-code-python/SKILL.md
n8n-mcp-tools-expert,"Expert guide for using n8n-mcp MCP tools effectively. Use when searching for nodes, validating configurations, accessing templates, managing workflows, or using any n8n-mcp tool. Provides tool selection guidance, parameter formats, and common patterns.",lib/sickn33-antigravity-awesome-skills/plugins/antigravity-awesome-skills-claude/skills/n8n-mcp-tools-expert/SKILL.md
n8n-node-configuration,"Operation-aware node configuration guidance. Use when configuring nodes, understanding property dependencies, determining required fields, choosing between get_node detail levels, or learning common configuration patterns by node type.",lib/sickn33-antigravity-awesome-skills/plugins/antigravity-awesome-skills-claude/skills/n8n-node-configuration/SKILL.md
n8n-validation-expert,Expert guide for interpreting and fixing n8n validation errors.,lib/sickn33-antigravity-awesome-skills/plugins/antigravity-awesome-skills-claude/skills/n8n-validation-expert/SKILL.md
n8n-workflow-patterns,Proven architectural patterns for building n8n workflows.,lib/sickn33-antigravity-awesome-skills/plugins/antigravity-awesome-skills-claude/skills/n8n-workflow-patterns/SKILL.md
odoo-ecommerce-configurator,"Expert guide for Odoo eCommerce and Website: product catalog, payment providers, shipping methods, SEO, and order-to-fulfillment workflow.",lib/sickn33-antigravity-awesome-skills/plugins/antigravity-awesome-skills-claude/skills/odoo-ecommerce-configurator/SKILL.md
paid-ads,"When the user wants help with paid advertising campaigns on Google Ads, Meta (Facebook/Instagram), LinkedIn, Twitter/X, or other ad platforms. Also use when the user mentions 'PPC,' 'paid media,' 'ROAS,' 'CPA,' 'ad campaign,' 'retargeting,' 'audience targeting,' 'Google Ads,' 'Facebook ads,' 'LinkedIn ads,' 'ad budget,' 'cost per click,' 'ad spend,' or 'should I run ads.' Use this for campaign strategy, audience targeting, bidding, and optimization. For bulk ad creative generation and iteration, see ad-creative. For landing page optimization, see page-cro.",lib/coreyhaines31-marketingskills/skills/paid-ads/SKILL.md
programmatic-seo,"When the user wants to create SEO-driven pages at scale using templates and data. Also use when the user mentions ""programmatic SEO,"" ""template pages,"" ""pages at scale,"" ""directory pages,"" ""location pages,"" ""[keyword] + [city] pages,"" ""comparison pages,"" ""integration pages,"" ""building many pages for SEO,"" ""pSEO,"" ""generate 100 pages,"" ""data-driven pages,"" or ""templated landing pages."" Use this whenever someone wants to create many similar pages targeting different keywords or locations. For auditing existing SEO issues, see seo-audit. For content strategy planning, see content-strategy.",lib/coreyhaines31-marketingskills/skills/programmatic-seo/SKILL.md
sales-enablement,"When the user wants to create sales collateral, pitch decks, one-pagers, objection handling docs, or demo scripts. Also use when the user mentions 'sales deck,' 'pitch deck,' 'one-pager,' 'leave-behind,' 'objection handling,' 'deal-specific ROI analysis,' 'demo script,' 'talk track,' 'sales playbook,' 'proposal template,' 'buyer persona card,' 'help my sales team,' 'sales materials,' or 'what should I give my sales reps.' Use this for any document or asset that helps a sales team close deals. For competitor comparison pages and battle cards, see competitor-alternatives. For marketing website copy, see copywriting. For cold outreach emails, see cold-email.",lib/coreyhaines31-marketingskills/skills/sales-enablement/SKILL.md
schema-markup,"When the user wants to add, fix, or optimize schema markup and structured data on their site. Also use when the user mentions ""schema markup,"" ""structured data,"" ""JSON-LD,"" ""rich snippets,"" ""schema.org,"" ""FAQ schema,"" ""product schema,"" ""review schema,"" ""breadcrumb schema,"" ""Google rich results,"" ""knowledge panel,"" ""star ratings in search,"" or ""add structured data."" Use this whenever someone wants their pages to show enhanced results in Google. For broader SEO issues, see seo-audit. For AI search optimization, see ai-seo.",lib/coreyhaines31-marketingskills/skills/schema-markup/SKILL.md
screenshots,"Generate marketing screenshots of your app using Playwright. Use when the user wants to create screenshots for Product Hunt, social media, landing pages, or documentation.",lib/shpigford-skills/screenshots/SKILL.md
seo,"Audit, plan, and implement SEO improvements across technical SEO, on-page optimization, structured data, Core Web Vitals, and content strategy. Use when the user wants better search visibility, SEO remediation, schema markup, sitemap/robots work, or keyword mapping.",lib/affaan-m-everything-claude-code/skills/seo/SKILL.md
seo-aeo-best-practices,"SEO and AEO best practices for metadata, Open Graph, sitemaps, robots.txt, hreflang, JSON-LD structured data, EEAT, and content optimized for search engines and AI answer surfaces. Use this skill when implementing page SEO, technical SEO, schema markup, international SEO, AI-overview readiness, or improving content for Google, ChatGPT, Perplexity, and similar assistants.",lib/sanity-io-agent-toolkit/skills/seo-aeo-best-practices/SKILL.md
seo-aeo-blog-writer,"Writes long-form blog posts with TL;DR block, definition sentence, comparison table, and 5-question FAQ for SEO ranking and AEO citation. Activate when the user wants to write a blog post, article, or long-form content piece.",lib/sickn33-antigravity-awesome-skills/plugins/antigravity-awesome-skills-claude/skills/seo-aeo-blog-writer/SKILL.md
seo-aeo-content-cluster,"Builds a topical authority map with a pillar page, prioritised cluster articles, content types, internal link map, and content gap analysis. Activate when the user wants to build a content cluster, topic map, or content strategy.",lib/sickn33-antigravity-awesome-skills/plugins/antigravity-awesome-skills-claude/skills/seo-aeo-content-cluster/SKILL.md
seo-aeo-content-quality-auditor,"Audits content for SEO and AEO performance with scored reports, severity-ranked fix lists, and projected scores after fixes. Activate when the user wants to audit, review, or score content for SEO or AEO compliance.",lib/sickn33-antigravity-awesome-skills/plugins/antigravity-awesome-skills-claude/skills/seo-aeo-content-quality-auditor/SKILL.md
seo-aeo-internal-linking,"Maps internal link opportunities between pages with anchor text, placement instructions, orphan page detection, and cannibalization checks. Activate when the user wants to build an internal linking strategy or find link opportunities.",lib/sickn33-antigravity-awesome-skills/plugins/antigravity-awesome-skills-claude/skills/seo-aeo-internal-linking/SKILL.md
seo-aeo-keyword-research,"Researches and prioritises SEO keywords with AEO question queries, difficulty tiers, cannibalization checks, and a content map. Activate when the user wants to find keywords, research search terms, or build a keyword strategy.",lib/sickn33-antigravity-awesome-skills/plugins/antigravity-awesome-skills-claude/skills/seo-aeo-keyword-research/SKILL.md
seo-aeo-landing-page-writer,"Writes complete, structured landing pages optimized for SEO ranking, AEO citation, and visitor conversion. Activate when the user wants to write or generate a landing page for a product, service, or offer.",lib/sickn33-antigravity-awesome-skills/plugins/antigravity-awesome-skills-claude/skills/seo-aeo-landing-page-writer/SKILL.md
seo-aeo-meta-description-generator,"Writes 3 title tag variants and 3 meta description variants per page with SERP preview, OG tags, and Twitter Card tags. Activate when the user wants to write meta tags, title tags, or social sharing tags for any page.",lib/sickn33-antigravity-awesome-skills/plugins/antigravity-awesome-skills-claude/skills/seo-aeo-meta-description-generator/SKILL.md
seo-aeo-schema-generator,"Generates valid JSON-LD structured data for 10 schema types with rich result eligibility validation and implementation-ready script blocks. Activate when the user wants to generate schema markup, JSON-LD, or structured data for any page.",lib/sickn33-antigravity-awesome-skills/plugins/antigravity-awesome-skills-claude/skills/seo-aeo-schema-generator/SKILL.md
seo-audit-full,"An advanced SEO agent skill for deep, comprehensive single-page SEO audits. Includes ALL basic audit checks plus additional modules: Social Tags (OG + Twitter Card), and more. Outputs an advanced full SEO audit report. Use when the user says ""deep audit"", ""advanced audit"", ""technical SEO audit"", ""full SEO audit"", ""full report"", ""key report"", ""comprehensive SEO review"", or explicitly asks for more than a basic check. Powered by OpenClaw and Claude.",lib/seo-audit-skill/seo-audit-full/SKILL.md
seo-authority-builder,Analyzes content for E-E-A-T signals and suggests improvements to build authority and trust. Identifies missing credibility elements. Use PROACTIVELY for YMYL topics.,lib/sickn33-antigravity-awesome-skills/plugins/antigravity-awesome-skills-claude/skills/seo-authority-builder/SKILL.md
seo-backlinks,"Backlink profile analysis: referring domains, anchor text distribution, toxic link detection, competitor gap analysis. Works with free APIs (Moz, Bing Webmaster, Common Crawl) and DataForSEO extension. Use when user says backlinks, link profile, referring domains, anchor text, toxic links, link gap, link building, disavow, or backlink audit.",lib/agricidaniel-claude-seo/skills/seo-backlinks/SKILL.md
seo-cannibalization-detector,Analyzes multiple provided pages to identify keyword overlap and potential cannibalization issues. Suggests differentiation strategies. Use PROACTIVELY when reviewing similar content.,lib/sickn33-antigravity-awesome-skills/plugins/antigravity-awesome-skills-claude/skills/seo-cannibalization-detector/SKILL.md
seo-cluster,"SERP-based semantic topic clustering for content architecture planning. Groups keywords by actual Google SERP overlap (not text similarity), designs hub-and-spoke content clusters with internal link matrices, and generates interactive visualizations. Optionally executes content creation if claude-blog is installed. Use when user says ""topic cluster"", ""content cluster"", ""semantic clustering"", ""pillar page"", ""hub and spoke"", ""content architecture"", ""keyword grouping"", or ""cluster plan"".",lib/agricidaniel-claude-seo/skills/seo-cluster/SKILL.md
seo-competitor-pages,"Generate SEO-optimized competitor comparison and alternatives pages. Covers ""X vs Y"" layouts, ""alternatives to X"" pages, feature matrices, schema markup, and conversion optimization. Use when user says ""comparison page"", ""vs page"", ""alternatives page"", ""competitor comparison"", ""X vs Y"", ""versus"", ""compare competitors"", or ""alternative to"".",lib/agricidaniel-claude-seo/skills/seo-competitor-pages/SKILL.md
seo-content,"Content quality and E-E-A-T analysis with AI citation readiness assessment. Use when user says ""content quality"", ""E-E-A-T"", ""content analysis"", ""readability check"", ""thin content"", or ""content audit"".",lib/agricidaniel-claude-seo/skills/seo-content/SKILL.md
seo-content-auditor,"Analyzes provided content for quality, E-E-A-T signals, and SEO best practices. Scores content and provides improvement recommendations based on established guidelines.",lib/sickn33-antigravity-awesome-skills/plugins/antigravity-awesome-skills-claude/skills/seo-content-auditor/SKILL.md
seo-content-planner,Creates comprehensive content outlines and topic clusters for SEO. Plans content calendars and identifies topic gaps. Use PROACTIVELY for content strategy and planning.,lib/sickn33-antigravity-awesome-skills/plugins/antigravity-awesome-skills-claude/skills/seo-content-planner/SKILL.md
seo-content-refresher,"Identifies outdated elements in provided content and suggests updates to maintain freshness. Finds statistics, dates, and examples that need updating. Use PROACTIVELY for older content.",lib/sickn33-antigravity-awesome-skills/plugins/antigravity-awesome-skills-claude/skills/seo-content-refresher/SKILL.md
seo-content-writer,"Writes SEO-optimized content based on provided keywords and topic briefs. Creates engaging, comprehensive content following best practices. Use PROACTIVELY for content creation tasks.",lib/sickn33-antigravity-awesome-skills/plugins/antigravity-awesome-skills-claude/skills/seo-content-writer/SKILL.md
seo-dataforseo,"Live SEO data via DataForSEO MCP server. SERP analysis (Google, Bing, Yahoo, YouTube), keyword research (volume, difficulty, intent, trends), backlink profiles, on-page analysis (Lighthouse, content parsing), competitor analysis, content analysis, business listings, AI visibility (ChatGPT scraper, LLM mention tracking), and domain analytics. Requires DataForSEO extension installed. Use when user says ""dataforseo"", ""live SERP"", ""keyword volume"", ""backlink data"", ""competitor data"", ""AI visibility check"", ""LLM mentions"", or ""real search data"".",lib/agricidaniel-claude-seo/extensions/dataforseo/skills/seo-dataforseo/SKILL.md
seo-ecommerce,"E-commerce SEO analysis: Google Shopping visibility, Amazon marketplace intelligence, product schema validation, competitor pricing analysis, and marketplace keyword gaps. Combines on-page product SEO with marketplace data from DataForSEO Merchant API. Use when user says ""ecommerce SEO"", ""product SEO"", ""Google Shopping"", ""marketplace SEO"", ""product schema"", ""Amazon SEO"", ""product listings"", ""shopping ads"", or ""merchant SEO"".",lib/agricidaniel-claude-seo/skills/seo-ecommerce/SKILL.md
seo-firecrawl,"Full-site crawling, scraping, and site mapping via Firecrawl MCP. Use when user says ""crawl site"", ""map site"", ""full crawl"", ""find all pages"", ""broken links"", ""site structure"", ""discover pages"", ""JS rendering"", or needs site-wide analysis.",lib/agricidaniel-claude-seo/extensions/firecrawl/skills/seo-firecrawl/SKILL.md
seo-forensic-incident-response,"Investigate sudden drops in organic traffic or rankings and run a structured forensic SEO incident response with triage, root-cause analysis and recovery plan.",lib/sickn33-antigravity-awesome-skills/plugins/antigravity-awesome-skills-claude/skills/seo-forensic-incident-response/SKILL.md
seo-fundamentals,"Core principles of SEO including E-E-A-T, Core Web Vitals, technical foundations, content quality, and how modern search engines evaluate pages.",lib/sickn33-antigravity-awesome-skills/plugins/antigravity-awesome-skills-claude/skills/seo-fundamentals/SKILL.md
seo-geo,"Optimize content for AI Overviews (formerly SGE), ChatGPT web search, Perplexity, and other AI-powered search experiences. Generative Engine Optimization (GEO) analysis including brand mention signals, AI crawler accessibility, llms.txt compliance, passage-level citability scoring, and platform-specific optimization. Use when user says ""AI Overviews"", ""SGE"", ""GEO"", ""AI search"", ""LLM optimization"", ""Perplexity"", ""AI citations"", ""ChatGPT search"", or ""AI visibility"".",lib/agricidaniel-claude-seo/skills/seo-geo/SKILL.md
seo-hreflang,"Hreflang and international SEO audit, validation, and generation. Detects common mistakes, validates language/region codes, and generates correct hreflang implementations. Use when user says ""hreflang"", ""i18n SEO"", ""international SEO"", ""multi-language"", ""multi-region"", or ""language tags"".",lib/agricidaniel-claude-seo/skills/seo-hreflang/SKILL.md
seo-image-gen,"AI image generation for SEO assets: OG/social preview images, blog hero images, schema images, product photography, infographics. Powered by Gemini via nanobanana-mcp. Requires banana extension installed. Use when user says ""generate image"", ""OG image"", ""social preview"", ""hero image"", ""blog image"", ""product photo"", ""infographic"", ""seo image"", ""create visual"", ""image-gen"", ""favicon"", ""schema image"", ""pinterest pin"", ""generate visual"", ""banner"", or ""thumbnail"".",lib/agricidaniel-claude-seo/extensions/banana/skills/seo-image-gen/SKILL.md
seo-images,"Image optimization analysis for SEO and performance. Checks alt text, file sizes, formats, responsive images, lazy loading, CLS prevention, image SERP rankings (via DataForSEO), and image file optimization (WebP/AVIF conversion, IPTC/XMP metadata injection). Use when user says ""image optimization"", ""alt text"", ""image SEO"", ""image size"", ""image audit"", ""optimize images"", ""image metadata"", ""image SERP"", ""convert to webp"", or ""image file optimize"".",lib/agricidaniel-claude-seo/skills/seo-images/SKILL.md
seo-keyword-strategist,"Analyzes keyword usage in provided content, calculates density, suggests semantic variations and LSI keywords based on the topic. Prevents over-optimization. Use PROACTIVELY for content optimization.",lib/sickn33-antigravity-awesome-skills/plugins/antigravity-awesome-skills-claude/skills/seo-keyword-strategist/SKILL.md
seo-meta-optimizer,"Creates optimized meta titles, descriptions, and URL suggestions based on character limits and best practices. Generates compelling, keyword-rich metadata. Use PROACTIVELY for new content.",lib/sickn33-antigravity-awesome-skills/plugins/antigravity-awesome-skills-claude/skills/seo-meta-optimizer/SKILL.md
seo-page,"Deep single-page SEO analysis covering on-page elements, content quality, technical meta tags, schema, images, and performance. Use when user says ""analyze this page"", ""check page SEO"", ""single URL"", ""check this page"", ""page analysis"", or provides a single URL for review.",lib/agricidaniel-claude-seo/skills/seo-page/SKILL.md
seo-plan,"Strategic SEO planning for new or existing websites. Industry-specific templates, competitive analysis, content strategy, and implementation roadmap. Use when user says ""SEO plan"", ""SEO strategy"", ""SEO planning"", ""content strategy"", ""keyword strategy"", ""content calendar"", ""site architecture"", or ""SEO roadmap"".",lib/agricidaniel-claude-seo/skills/seo-plan/SKILL.md
seo-programmatic,"Programmatic SEO planning and analysis for pages generated at scale from data sources. Covers template engines, URL patterns, internal linking automation, thin content safeguards, and index bloat prevention. Use when user says ""programmatic SEO"", ""pages at scale"", ""dynamic pages"", ""template pages"", ""generated pages"", or ""data-driven SEO"".",lib/agricidaniel-claude-seo/skills/seo-programmatic/SKILL.md
seo-schema,"Detect, validate, and generate Schema.org structured data. JSON-LD format preferred. Use when user says ""schema"", ""structured data"", ""rich results"", ""JSON-LD"", or ""markup"".",lib/agricidaniel-claude-seo/skills/seo-schema/SKILL.md
seo-sitemap,"Analyze existing XML sitemaps or generate new ones with industry templates. Validates format, URLs, and structure. Use when user says ""sitemap"", ""generate sitemap"", ""sitemap issues"", or ""XML sitemap"".",lib/agricidaniel-claude-seo/skills/seo-sitemap/SKILL.md
seo-snippet-hunter,Formats content to be eligible for featured snippets and SERP features. Creates snippet-optimized content blocks based on best practices. Use PROACTIVELY for question-based content.,lib/sickn33-antigravity-awesome-skills/plugins/antigravity-awesome-skills-claude/skills/seo-snippet-hunter/SKILL.md
seo-structure-architect,"Analyzes and optimizes content structure including header hierarchy, suggests schema markup, and internal linking opportunities. Creates search-friendly content organization.",lib/sickn33-antigravity-awesome-skills/plugins/antigravity-awesome-skills-claude/skills/seo-structure-architect/SKILL.md
seo-sxo,"Search Experience Optimization: reads Google SERPs backwards to detect page-type mismatches, derives user stories from search intent signals, and scores pages from multiple persona perspectives. Identifies why well-optimized pages fail to rank by analyzing what Google rewards for each keyword. Use when user says ""SXO"", ""search experience"", ""page type mismatch"", ""SERP analysis"", ""user story"", ""persona scoring"", ""why isn't my page ranking"", ""intent mismatch"", or ""wireframe"".",lib/agricidaniel-claude-seo/skills/seo-sxo/SKILL.md
seo-technical,"Technical SEO audit across 9 categories: crawlability, indexability, security, URL structure, mobile, Core Web Vitals, structured data, JavaScript rendering, and IndexNow protocol. Use when user says ""technical SEO"", ""crawl issues"", ""robots.txt"", ""Core Web Vitals"", ""site speed"", or ""security headers"".",lib/agricidaniel-claude-seo/skills/seo-technical/SKILL.md
social-content,"When the user wants help creating, scheduling, or optimizing social media content for LinkedIn, Twitter/X, Instagram, TikTok, Facebook, or other platforms. Also use when the user mentions 'LinkedIn post,' 'Twitter thread,' 'social media,' 'content calendar,' 'social scheduling,' 'engagement,' 'viral content,' 'what should I post,' 'repurpose this content,' 'tweet ideas,' 'LinkedIn carousel,' 'social media strategy,' or 'grow my following.' Use this for any social media content creation, repurposing, or scheduling task. For broader content strategy, see content-strategy.",lib/coreyhaines31-marketingskills/skills/social-content/SKILL.md
social-post-writer-seo,"Social Media Strategist and Content Writer. Creates clear, engaging social media posts for Instagram, LinkedIn, and Facebook.",lib/sickn33-antigravity-awesome-skills/plugins/antigravity-awesome-skills-claude/skills/social-post-writer-seo/SKILL.md
ua-campaign,"When the user wants to plan or optimize paid user acquisition campaigns. Also use when the user mentions ""Apple Search Ads"", ""user acquisition"", ""paid ads"", ""UA"", ""ad campaign"", ""install campaign"", ""Facebook ads for apps"", ""TikTok ads"", or ""cost per install"". For organic growth, see aso-audit. For launch-specific UA, see app-launch.",lib/eronred-aso-skills/skills/ua-campaign/SKILL.md
viral-hook-creator,"Creates viral social media hooks using proven psychological patterns and trigger words. Use when user needs attention-grabbing openings for posts, threads, videos, or content.",lib/ognjengt-founder-skills/skills/viral-hook-creator/SKILL.md
web-content,"SEO and AI discovery (GEO) - schema, ChatGPT/Perplexity optimization",lib/alinaqi-claude-bootstrap/skills/web-content/SKILL.md
wordpress-centric-high-seo-optimized-blogwriting-skill,"Use this skill when the user asks to write a blog post, article, or SEO content. This applies a professional structure, truth boxes, click-bait-free accurate information, and outputs direct WordPress-ready content.",lib/sickn33-antigravity-awesome-skills/plugins/antigravity-awesome-skills-claude/skills/wordpress-centric-high-seo-optimized-blogwriting-skill/SKILL.md
zapier-make-patterns,"No-code automation democratizes workflow building. Zapier and Make (formerly Integromat) let non-developers automate business processes without writing code. But no-code doesn't mean no-complexity - these platforms have their own patterns, pitfalls, and breaking points.",lib/sickn33-antigravity-awesome-skills/plugins/antigravity-awesome-skills-claude/skills/zapier-make-patterns/SKILL.md
